00719
00721
00722
00723
00725
00726
00728
00730
00732
00733
00734
00738
00740
00742
01995
01996
01997
02000
02001
02004
02005
02006
02007
02008
02009
02010
02011
02014
02016
02017
02019
02021
02022
02023
02025
02029
02030
02031
02032
02033
02034
02035
02037
02039
02041
02043
02095
02097
02098
02100
02101
02102
02104
02105
02109
02110
02112
02114
02115
02116
02117
02119
02120
02121
02123
02124
02125
02126
02127
02129
02131
02132
02139
02140
02143
02144
02145
02146
02147
02148
02149
02150
02152
02155
02156
02157
02158
02159
02160
02164
02165
02166
02167
02168
02169
02179
02181
02182
02183
02184
02185
02186
02190
02191
02194
02195
02196
02200
02244
02245
02246
02248
02249
02250
02251
02253
02256
02257
02258
02262
02264
02265
02266
02270
02272
02273
02274
02275
02276
02277
02279
02280
02282
02284
02285
02288
02289
02291
02298
02300
02303
02304
02307
02309
02310
02311
02312
02313
02314
02315
02316
02317
02320
02321
02323
02325
02327
02328
02329
02330
02331
02332
02333
02335
02336
02337
02339
02340
02341
02344
02345
02346
02347
02348
02349
02350
02351
02352
02354
02355
02358
02359
02360
02361
02362
02363
02367
02368
02369
02375
02381
02382
02383
02384
02388
02389
02390
02392
02393
02394
02395
02397
02398
02401
02403
02404
02407
02408
02409
02411
02412
02413
02414
02416
02417
02418
02419
02420
02421
02422
02423
02424
02425
02426
02428
02429
02430
02435
02437
02438
02439
02442
02444
02445
02446
02447
02449
02450
02452
02453
02454
02456
02457
02458
02459
02460
02461
02462
02464
02465
02466
02468
02471
02472
02473
02474
02475
02478
02479
02480
02481
02482
02484
02485
02487
02488
02492
02493
02495
02498
02499
02500
02501
02502
02504
02505
02506
02508
02510
02515
02516
02520
02521
02522
02525
02527
02528
02529
02530
02531
02533
02535
02536
02537
02538
02539
02540
02541
02542
02543
02547
02548
02549
02551
02553
02555
02556
02557
02558
02559
02560
02561
02563
02564
02565
02566
02567
02568
02569
02570
02571
02572
02573
02574
02575
02578
02579
02583
02584
02585
02587
02588
02590
02593
02594
02596
02597
02598
02599
02600
02601
02604
02605
02607
02608
02609
02613
02614
02615
02616
02617
02618
02619
02620
02621
02622
02624
02625
02628
02629
02632
02633
02635
02636
02638
02639
02640
02642
02644
02645
02647
02648
02649
02650
02654
02655
02656
02657
02658
02659
02660
02662
02663
02666
02667
02668
02669
02670
02672
02673
02674
02676
02677
02678
02679
02680
02681
02682
02683
02684
02685
02689
02689
02690
02690
02691
02691
02692
02692
02693
02693
02694
02694
02695
02696
02697
02698
02699
02700
02701
02702
02703
02704
02707
02708
02709
02712
02713
02716
02717
02719
02722
02723
02726
02728
02729
02730
02731
02733
02734
02736
02737
02738
02744
02745
02746
02748
02750
02751
02752
02753
02755
02779
02781
02782
02784
02785
02786
02787
02788
02789
02792
02794
02795
02796
02798
02799
02801
02802
02803
02805
02811
02812
02815
02816
02817
02818
02819
02820
02821
02822
02823
02824
02825
02827
02830
02832
02833
02834
02837
02838
02840
02844
02845
02846
02849
02850
02851
02853
02855
02856
02857
02859
02860
02861
02862
02863
02864
02866
02867
02868
02869
02870
02872
02874
02875
02877
02878
02879
02880
02884
02885
02887
02888
02889
02890
02891
02892
02896
02897
02898
02899
02901
02902
02904
02905
02907
02910
02911
02912
02913
02914
02916
02917
02918
02919
02920
02922
02924
02925
02930
02931
02932
02934
02935
02936
02937
02938
02972
02973
02974
02975
02976
02978
02979
02980
02981
02983
02984
02987
02989
02990
02991
02995
02996
02997
02998
02999
03001
03003
03004
03006
03007
03008
03010
03011
03012
03013
03014
03016
03017
03018
03019
03020
03021
03024
03025
03027
03028
03029
03030
03031
03032
03034
03039
03041
03042
03043
03044
03045
03046
03047
03048
03049
03050
03054
03055
03056
03058
03060
03063
03064
03066
03069
03071
03072
03073
03075
03076
03078
03079
03080
03081
03082
03083
03084
03087
03088
03089
03091
03092
03093
03094
03095
03096
03097
03100
03101
03102
03105
03106
03107
03108
03109
03113
03116
03118
03120
03121
03123
03125
03126
03128
03129
03130
03132
03133
03134
03137
03141
03142
03144
03145
03146
03149
03150
03151
03152
03153
03154
03156
03157
03159
03160
03163
03167
03168
03169
03170
03172
03175
03176
03177
03179
03180
03182
03183
03184
03185
03186
03188
03191
03192
03194
03196
03197
03198
03199
03200
03201
03205
03206
03207
03209
03211
03214
03216
03219
03221
03222
03224
03225
03227
03228
03229
03230
03231
03233
03234
03235
03237
03238
03240
03241
03242
03243
03244
03245
03246
03247
03249
03250
03255
03256
03257
03258
03259
03260
03261
03262
03263
03264
03267
03268
03269
03270
03272
03273
03275
03278
03279
03281
03282
03284
03285
03287
03289
03291
03294
03297
03298
03301
03302
03304
03305
03306
03307
03308
03310
03312
03313
03314
03315
03316
03318
03319
03320
03321
03322
03324
03325
03326
03327
03328
03331
03332
03333
03335
03336
03337
03338
03339
03340
03341
03342
03343
03344
03345
03347
03348
03349
03350
03351
03352
03354
03356
03357
03360
03362
03366
03368
03371
03372
03373
03374
03403
03407
03409
03410
03411
03412
03413
03414
03418
03420
03421
03422
03423
03424
03425
03426
03430
03431
03432
03434
03435
03436
03437
03438
03439
03440
03442
03444
03446
03447
03448
03450
03452
03453
03455
03456
03460
03461
03462
03463
03464
03465
03466
03467
03469
03471
03472
03473
03477
03478
03479
03480
03481
03482
03484
03488
03489
03491
03495
03496
03497
03499
03500
03501
03502
03504
03505
03506
03508
03511
03513
03514
03516
03517
03518
03519
03520
03521
03523
03525
03526
03527
03527
03528
03528
03530
03530
03531
03531
03533
03533
03534
03534
03535
03535
03539
03540
03542
03543
03544
03545
03546
03547
03552
03553
03554
03555
03556
03557
03560
03561
03562
03564
03566
03567
03570
03572
03573
03589
03590
03591
03592
03595
03597
03598
03599
03602
03603
03604
03606
03610
03611
03661
03662
03665
03667
03668
03670
03671
03673
03674
03675
03677
03678
03680
03682
03683
03684
03686
03688
03690
03692
03693
03694
03695
03697
03700
03702
03706
03707
03710
03712
03713
03715
03716
03717
03720
