00325
00326
00328
00329
00330
00332
00334
00335
00336
00337
00338
00339
00341
00386
00387
00390
00391
00392
00393
00396
00398
00399
00400
00402
00403
00404
00405
00406
00407
00412
00414
00415
00416
00420
00422
00423
00424
00425
00426
00427
00428
00430
00431
00433
00434
00435
00438
00439
00440
00441
00442
00444
00445
00446
00448
00449
00454
00457
00460
00461
00462
00464
00466
00467
00469
00471
00472
00474
00475
00479
00480
00482
00483
00484
00486
00487
00492
00493
00494
00495
00496
00497
00498
00500
00503
00504
00508
00509
00510
00511
00512
00515
00516
00517
00519
00520
00521
00522
00526
00528
00529
00530
00532
00533
00534
00535
00536
00537
00538
00540
00541
00542
00545
00546
00547
00548
00549
00551
00552
00553
00554
00557
00558
00559
00560
00561
00562
00564
00565
00566
00567
00568
00569
00570
00571
00572
00573
00575
00580
00581
00582
00583
00585
00586
00587
00588
00589
00590
00591
00592
00593
00595
00596
00598
00602
00605
00606
00608
00611
00612
00613
00615
00616
00617
00619
00620
00621
00622
00623
00624
00625
00626
00627
00629
00630
00631
00632
00635
00636
00638
00639
00641
00644
00645
00646
00647
00648
00650
00652
00657
00658
00661
00663
00664
00665
00666
00667
00670
00671
00672
00675
00676
00677
00679
00680
00682
00683
00685
00686
00687
00688
00692
00695
00697
00699
00701
00702
00703
00706
00707
00708
01228
01229
01230
01231
01235
01238
01241
01242
01243
01244
01245
01246
01247
01248
01251
01253
01255
01257
01258
01259
01260
01262
01263
01264
01265
01267
01268
01270
01271
01272
01273
01275
01276
01277
01279
01280
01281
01282
01283
01284
01287
01288
01290
01291
01294
01295
01296
01297
01298
01299
01300
01446
01447
01448
01449
01450
01451
01452
01453
01456
01457
01460
01462
01463
01465
01470
01471
01472
01473
01474
01478
01479
01481
01482
01483
01485
01487
01490
01491
01492
02756
02757
02760
02762
02763
02766
02767
02768
02772
02773
02774
02775
02776
03855
03856
03857
03859
03860
03861
03866
03868
03869
03870
03871
03872
03873
03874
03875
03878
03879
03880
03881
03882
03883
03884
03885
03886
03887
03888
03889
03890
03894
03897
03898
03903
03906
03908
03909
03910
03911
03912
03913
03914
03916
03918
03919
03920
03921
03922
03923
03924
03925
03926
03928
03929
03931
03932
03934
03936
03937
03938
03940
03941
03942
03945
03946
03948
03950
03951
03952
03954
03955
03956
03957
03960
03961
03964
03966
03968
03970
03971
03973
03975
03976
03977
03978
03979
03981
03982
03984
03985
03986
03988
03991
03992
03994
03995
03996
03997
03999
04000
04001
04002
04003
04006
04009
04010
04011
04012
04013
04014
04015
04016
04017
04020
04021
04022
04025
04030
04031
04033
04034
04036
04037
04038
04039
04040
04041
04042
04043
04044
04046
04047
04048
04049
04050
04051
04053
04054
04056
04057
04058
04059
04060
04062
04063
04064
04065
04066
04067
04068
04069
04070
04072
04073
04074
04075
04076
04077
04078
04080
04082
04083
04084
04085
04086
04087
04089
04090
04091
04095
04096
04097
04098
04099
04101
04102
