00000
00001
00004
00005
00008
00009
00010
00012
00013
00016
00019
00022
00024
00025
00026
00027
00028
00029
00030
00031
00032
00033
00036
00039
00041
00042
00043
00044
00045
00046
00047
00048
00049
00050
00051
00053
00054
00055
00056
00057
00058
00061
00063
00064
00065
00066
00067
00068
00071
00072
00073
00074
00075
00076
00080
00081
00082
00084
00085
00088
00089
00090
00091
00092
00093
00094
00095
00096
00097
00098
00099
00100
00103
00104
00105
00106
00108
00109
00110
00111
00113
00114
00115
00116
00117
00118
00121
00122
00123
00124
00125
00126
00130
00131
00133
00134
00136
00137
00138
00139
00140
00141
00142
00143
00147
00149
00150
00154
00156
00157
00159
00162
00163
00164
00165
00166
00167
00169
00170
00171
00173
00174
00175
00176
00178
00179
00180
00182
00184
00185
00188
00189
00191
00192
00195
00197
00198
00199
00200
00201
00202
00203
00204
00205
00206
00208
00209
00210
00211
00213
00216
00217
00218
00219
00220
00221
00223
00225
00227
00228
00229
00230
00231
00232
00233
00235
00237
00238
00239
00240
00241
00242
00243
00825
00827
00828
00830
00834
00835
00837
00838
00841
00842
00843
00844
00845
00847
00848
00850
00851
00852
00853
00855
00856
00857
00858
00861
00863
00970
00971
00973
00974
00975
00976
00977
00978
00979
00980
00981
00982
00986
00987
00988
00991
00993
00995
00996
00999
01001
01004
01005
01006
01007
01009
01010
01012
01013
01014
01016
01017
01019
01020
01021
01022
01023
01024
01025
01026
01029
01031
01034
01036
01039
01043
01044
01045
01047
01048
01049
01050
01053
01054
01055
01056
01058
01060
01062
01063
01064
01065
01067
01068
01069
01070
01072
01073
01075
01076
01078
01079
01080
01083
01085
01086
01088
01089
01091
01093
01095
01097
01098
01099
01100
01105
01109
01111
01112
01113
01114
01115
01116
01117
01118
01119
01121
01124
01125
01126
01127
01128
01129
01131
01132
01133
01135
01136
01138
01140
01142
01143
01144
01145
01147
01148
01149
01151
01156
01157
01158
01159
01160
01161
01162
01164
01165
01166
01168
01170
01171
01172
01173
01174
01175
01176
01177
01178
01179
01180
01181
01182
01183
01184
01185
01186
01187
01188
01191
01192
01193
01194
01197
01198
01199
01200
01202
01205
01208
01211
01212
01213
01215
01216
01217
01219
01221
01222
01224
01225
01226
01580
01583
01584
01586
01588
01590
01591
01594
01596
01598
01599
01601
01603
01604
01606
01608
01609
01611
01612
01615
01616
01617
01620
01622
01623
01625
01626
01627
01628
01631
01632
01633
01636
01637
01638
01640
01641
01642
01644
01645
01647
01649
01652
01654
01655
01656
01657
01660
01661
01662
01663
01664
01665
01666
01668
01670
01671
01673
01674
01676
01677
01678
01684
01685
01686
01687
01689
01690
01691
01692
01693
01695
01696
01697
01698
01699
01700
01703
01704
01706
01707
01708
01710
01711
01713
01714
01715
01718
01720
01721
01724
01725
01727
01728
01729
01730
01731
01732
01733
01734
01737
01739
01741
01742
01743
01745
01748
01749
01750
01753
01755
01756
01757
01759
01761
01762
01763
01764
01766
01767
01769
01770
01772
01773
01775
01776
01778
01779
01780
01781
01782
01783
01784
01786
01788
01789
01790
01792
01793
01794
01798
01799
01800
01801
01804
01805
01806
01807
01808
01809
01811
01812
01815
01818
01819
01820
01824
01825
01826
01827
01828
01830
01831
01832
01833
01834
01835
01836
01840
01841
01842
01843
01844
01847
01850
01851
01853
01855
01858
01859
01861
01912
01913
01914
01915
01917
01918
01919
01921
01922
01923
01925
01927
01928
01931
01934
03575
03578
03579
03580
03581
03586
03613
03616
03617
03618
03619
03621
03622
03624
03625
03629
03630
03632
03634
03636
03638
03639
03642
03643
03644
03645
03646
03648
03649
03651
03652
03653
03655
03656
03657
03658
03659
03660
03721
03722
03723
03724
03725
03726
03727
03728
03730
03731
03734
03735
03736
03737
03740
03741
03744
03745
03748
03751
03752
03753
03756
03760
03762
03764
03765
03771
03772
03773
03774
03775
03778
03779
03782
03783
03784
03786
03787
03789
03790
03791
03795
03796
03797
03803
03804
03805
03807
03809
03810
03811
03812
03814
03815
03816
03817
03820
03821
03825
03827
03828
03830
03831
03832
03833
03834
03835
03836
03837
03838
03839
03840
03842
03843
03844
03845
03846
03847
03848
03851
03852
03854
04103
04105
04107
04108
04111
04113
04116
04117
04118
04119
04120
04121
04123
04124
04126
04127
04128
04129
04132
04133
04134
04135
04136
04137
04139
04140
04142
04143
04145
04146
04147
04150
04152
04153
04154
04155
04156
04157
04158
04160
04165
04166
04167
04168
04173
04176
04177
04179
04180
04181
04183
04185
04186
04188
04189
04190
04191
04197
04198
04199
