00244
00245
00246
00247
00249
00251
00254
00256
00257
00258
00259
00260
00263
00264
00265
00266
00268
00269
00270
00272
00273
00275
00276
00277
00279
00280
00281
00282
00283
00286
00287
00288
00289
00290
00294
00295
00296
00299
00302
00308
00309
00310
00311
00312
00314
00316
00317
00320
00321
00322
00323
00343
00344
00345
00347
00348
00349
00352
00353
00354
00355
00356
00358
00360
00361
00362
00363
00365
00368
00370
00371
00372
00373
00376
00377
00378
00379
00380
00382
00383
00384
00385
00709
00710
00711
00712
00713
00714
00716
00717
00743
00746
00749
00751
00752
00755
00756
00757
00759
00761
00762
00763
00764
00765
00766
00767
00769
00770
00771
00772
00773
00774
00775
00776
00777
00778
00779
00780
00781
00785
00786
00790
00791
00792
00797
00799
00800
00801
00805
00807
00808
00811
00813
00815
00816
00818
00820
00821
00823
00824
00867
00868
00869
00873
00875
00876
00877
00878
00880
00883
00885
00887
00888
00890
00892
00897
00898
00899
00900
00901
00902
00903
00904
00905
00906
00907
00908
00910
00911
00912
00913
00916
00917
00918
00919
00921
00922
00925
00927
00928
00929
00930
00932
00934
00935
00936
00937
00940
00941
00943
00944
00945
00946
00947
00948
00949
00950
00952
00953
00954
00955
00956
00957
00958
00960
00962
00963
00964
00965
00967
00968
00969
01335
01336
01337
01338
01339
01342
01343
01344
01345
01346
01348
01351
01352
01353
01354
01358
01359
01360
01361
01365
01366
01367
01369
01370
01371
01372
01375
01377
01378
01380
01381
01382
01383
01384
01386
01387
01388
01389
01390
01391
01429
01431
01434
01436
01437
01439
01440
01532
01533
01534
01536
01539
01541
01542
01544
01545
01546
01547
01548
01551
01552
01553
01556
01557
01558
01559
01560
01562
01563
01564
01565
01566
01567
01570
01572
01573
01574
01575
01576
01577
01579
01863
01864
01867
01870
01872
01873
01874
01876
01881
01882
01886
01888
01889
01896
01897
01898
01902
01903
01904
01905
01909
01935
01936
01938
01941
01943
01944
01948
01949
01950
01952
01953
01954
01956
01958
01959
01962
01963
01964
01965
01967
01969
01970
01971
01972
01973
01975
01977
01978
01980
01982
01983
01985
01986
01988
01989
01990
01992
02044
02046
02050
02051
02052
02054
02056
02057
02058
02060
02061
02062
02064
02066
02067
02069
02072
02073
02075
02076
02078
02080
02081
02085
02088
02089
02090
02091
02092
02093
02094
02201
02203
02204
02205
02206
02207
02212
02213
02214
02215
02217
02218
02219
02222
02223
02224
02225
02227
02228
02229
02233
02234
02235
02237
02238
02239
02241
02242
02939
02940
02941
02942
02944
02949
02950
02951
02952
02954
02955
02956
02957
02958
02959
02961
02962
02963
02965
02967
03379
03380
03382
03383
03385
03386
03387
03388
03389
03392
03395
03396
03397
03398
03399
03402
03575
03578
03579
03580
03581
03586
03613
03616
03617
03618
03619
03621
03622
03624
03625
03629
03630
03632
03634
03636
03638
03639
03642
03643
03644
03645
03646
03648
03649
03651
03652
03653
03655
03656
03657
03658
03659
03660
